hand:
  origin:
    xyz: -0.0000376 0.0119128 0.0207260
    rpy: 0 0 0
  mass: 0.6544
  inertia:
    xx: 0.00186
    yy: 0.00030
    zz: 0.00174
    xy: 0.00000
    xz: 0.00000
    yz: -0.00002

leftfinger: &finger
  origin:
    xyz: 0 0.0152850 0.0219675
    rpy: 0 0 0
  mass: 1.0
  inertia:
    xx: 0.0
    yy: 0.0
    zz: 0.0
    xy: 0.0
    xz: 0.0
    yz: 0.0
rightfinger: *finger